4294967278,132
4294967278,131
4294967278,130
4294967278,129
4294967278,128
4294967278,127
4294967278,126
4294967278,125
4294967278,124
4294967278,123
4294967278,122
4294967278,121
4294967278,120
4294967278,119
4294967278,118
4294967278,117
4294967278,116
4294967278,115
4294967278,114
4294967278,113
4294967278,112
4294967278,111
4294967278,110
4294967278,109
4294967278,108
4294967278,107
4294967278,106
4294967278,105
4294967278,104
4294967278,103
4294967278,102
4294967278,101
4294967278,100
4294967278,99
4294967278,98
4294967278,97
4294967278,96
4294967278,95
4294967278,94
4294967278,93
4294967278,92
4294967278,91
4294967278,90
4294967278,89
4294967278,87
4294967278,86
4294967278,85
4294967278,84
4294967278,83
4294967278,82
4294967278,81
4294967278,80
4294967278,79
4294967278,78
4294967278,77
4294967278,76
4294967278,75
4294967278,74
4294967278,73
4294967278,72
4294967278,71
4294967278,70
4294967278,69
4294967278,68
4294967278,67
4294967278,66
4294967278,65
4294967278,64
4294967278,63
4294967278,62
4294967278,61
4294967278,60
4294967278,59
4294967278,58
4294967278,57
4294967278,56
4294967278,55
4294967278,54
4294967278,53
4294967278,52
4294967278,51
4294967278,50
4294967278,49
4294967278,48
4294967278,47
4294967278,46
4294967278,45
4294967278,44
4294967278,43
4294967278,42
4294967278,41
4294967278,40
4294967278,39
4294967278,38
4294967279,21
4294967279,19
4294967279,15
4294967279,11
4294967279,10
4294967279,9
4294967279,8
4294967279,7
4294967279,261
4294967279,6
4294967279,5
4294967279,281
4294967279,4
4294967278,293
4294967294,7
4294967279,294
4294967294,6
4294967294,183
4294967294,104
4294967294,166
4294967294,24
4294967294,160
4294967294,168
4294967294,14
4294967294,10
4294967294,198
4294967294,196
4294967294,195
4294967294,192
4294967294,1048
4294967294,1047
4294967294,1045
4294967294,1044
4294967294,1041
4294967294,1040
4294967294,1039
4294967294,1038
4294967294,1035
4294967294,1034
4294967294,1032
4294967294,1031
4294967294,401
4294967294,182
4294967294,176
4294967294,163
4294967294,162
4294967294,30
4294967294,11
4294967294,1075
4294967294,1074
4294967294,1072
4294967294,1071
4294967294,1066
4294967294,1055
4294967294,1027
4294967294,1025
4294967294,1024
4294967294,437
4294967294,159
4294967294,60
4294967294,68
4294967294,12
4294967294,126
4294967278,292
4294967279,293
4294967279,292
4294967294,415
4294967294,429
4294967294,107
4294967294,81
4294967294,46
4294967294,389
4294967278,291
4294967279,291
4294967278,290
4294967279,290
4294967294,1422
4294967294,419
4294967294,1084
4294967294,473
4294967294,1421
4294967294,1082
4294967278,289
4294967279,135
4,4
4,3
4,2
4,1
0,5
4294967279,133
0,7
4294967294,1037
4294967294,186
4294967294,96
4294967294,94
4294967294,93
4294967294,95
4294967294,17
4294967294,99
4294967294,41
4294967278,288
4294967294,5
4294967294,67
4294967294,1420
4294967294,1419
4294967294,187
4294967294,471
4294967294,2
4294967294,0
4294967294,1
4294967294,92
4294967294,88
4294967294,86
4294967294,83
4294967294,413
4294967294,28
4294967294,1052
4294967294,27
4294967294,25
4294967294,26
4294967294,45
4294967294,44
4294967294,43
4294967294,203
4294967294,82
4294967279,283
4294967279,0
4294967279,272
4294967279,271
4294967278,287
4294967294,8
3,5
3,3
3,2
3,1
4294967278,286
4294967278,285
4294967278,284
4294967294,1418
4294967294,472
4294967294,1417
4294967294,1416
4294967278,283
4294967278,272
4294967279,282
4294967278,282
4294967293,131
4294967293,130
4294967293,129
4294967293,128
4294967293,127
4294967293,126
4294967293,125
4294967293,124
4294967293,123
4294967293,122
4294967293,121
4294967293,120
4294967293,119
4294967293,118
4294967293,117
4294967293,116
4294967293,115
4294967293,114
4294967293,113
4294967293,112
4294967293,111
4294967293,110
4294967293,109
4294967293,108
4294967293,107
4294967293,106
4294967293,105
4294967293,104
4294967293,103
4294967293,102
4294967293,101
4294967293,100
4294967293,99
4294967293,98
4294967293,97
4294967293,96
4294967293,95
4294967293,94
4294967293,93
4294967293,92
4294967293,91
4294967293,90
4294967293,89
4294967293,88
4294967293,87
4294967293,86
4294967293,85
4294967293,84
4294967293,83
4294967293,82
4294967293,81
4294967293,80
4294967293,79
4294967293,78
4294967293,77
4294967293,76
4294967293,75
4294967293,74
4294967293,73
4294967293,72
4294967293,71
4294967293,70
4294967293,69
4294967293,68
